ts_event,rtype,publisher_id,instrument_id,open,high,low,close,volume,symbol
2023-07-12T00:04:00.000000000Z,33,1,34070,15456.750000000,15456.750000000,15456.750000000,15456.750000000,1,MNQZ3
2023-07-12T00:19:00.000000000Z,33,1,34070,15453.000000000,15453.000000000,15453.000000000,15453.000000000,2,MNQZ3
2023-07-12T00:22:00.000000000Z,33,1,34070,15447.000000000,15447.000000000,15447.000000000,15447.000000000,2,MNQZ3
2023-07-12T00:26:00.000000000Z,33,1,34070,15447.000000000,15447.000000000,15447.000000000,15447.000000000,1,MNQZ3
2023-07-12T00:32:00.000000000Z,33,1,34070,15451.500000000,15451.750000000,15451.500000000,15451.750000000,3,MNQZ3
2023-07-12T00:33:00.000000000Z,33,1,34070,15451.750000000,15452.000000000,15451.750000000,15452.000000000,3,MNQZ3
2023-07-12T00:34:00.000000000Z,33,1,34070,15450.000000000,15450.000000000,15449.500000000,15449.500000000,4,MNQZ3
2023-07-12T00:35:00.000000000Z,33,1,34070,15449.250000000,15449.250000000,15449.250000000,15449.250000000,2,MNQZ3
2023-07-12T00:43:00.000000000Z,33,1,34070,15445.000000000,15445.000000000,15445.000000000,15445.000000000,1,MNQZ3
2023-07-12T00:47:00.000000000Z,33,1,34070,15448.750000000,15448.750000000,15448.750000000,15448.750000000,1,MNQZ3
2023-07-12T00:55:00.000000000Z,33,1,34070,15449.250000000,15449.250000000,15449.250000000,15449.250000000,1,MNQZ3
2023-07-12T01:07:00.000000000Z,33,1,34070,15456.750000000,15456.750000000,15456.750000000,15456.750000000,2,MNQZ3
2023-07-12T01:11:00.000000000Z,33,1,34070,15457.000000000,15457.250000000,15457.000000000,15457.250000000,3,MNQZ3
2023-07-12T01:12:00.000000000Z,33,1,34070,15454.250000000,15454.250000000,15454.250000000,15454.250000000,1,MNQZ3
2023-07-12T01:13:00.000000000Z,33,1,34070,15454.000000000,15454.000000000,15454.000000000,15454.000000000,1,MNQZ3
2023-07-12T01:29:00.000000000Z,33,1,34070,15450.000000000,15450.000000000,15449.250000000,15449.250000000,3,MNQZ3
2023-07-12T01:31:00.000000000Z,33,1,34070,15447.250000000,15447.250000000,15445.250000000,15445.250000000,2,MNQZ3
2023-07-12T01:44:00.000000000Z,33,1,34070,15453.000000000,15453.000000000,15453.000000000,15453.000000000,1,MNQZ3
2023-07-12T02:01:00.000000000Z,33,1,34070,15447.000000000,15447.000000000,15447.000000000,15447.000000000,1,MNQZ3
2023-07-12T02:04:00.000000000Z,33,1,34070,15450.750000000,15450.750000000,15450.750000000,15450.750000000,1,MNQZ3
2023-07-12T02:41:00.000000000Z,33,1,34070,15456.000000000,15456.000000000,15456.000000000,15456.000000000,1,MNQZ3
2023-07-12T03:00:00.000000000Z,33,1,34070,15463.000000000,15463.000000000,15463.000000000,15463.000000000,3,MNQZ3
2023-07-12T03:10:00.000000000Z,33,1,34070,15460.750000000,15460.750000000,15460.750000000,15460.750000000,1,MNQZ3
2023-07-12T03:12:00.000000000Z,33,1,34070,15461.500000000,15461.500000000,15461.500000000,15461.500000000,1,MNQZ3
2023-07-12T03:23:00.000000000Z,33,1,34070,15464.250000000,15464.250000000,15464.000000000,15464.000000000,16,MNQZ3
2023-07-12T03:25:00.000000000Z,33,1,34070,15463.750000000,15463.750000000,15463.750000000,15463.750000000,1,MNQZ3
2023-07-12T03:33:00.000000000Z,33,1,34070,15463.750000000,15463.750000000,15463.750000000,15463.750000000,1,MNQZ3
2023-07-12T03:39:00.000000000Z,33,1,34070,15468.000000000,15468.000000000,15468.000000000,15468.000000000,2,MNQZ3
2023-07-12T03:42:00.000000000Z,33,1,34070,15466.000000000,15466.000000000,15466.000000000,15466.000000000,1,MNQZ3
2023-07-12T03:49:00.000000000Z,33,1,34070,15466.000000000,15466.000000000,15466.000000000,15466.000000000,1,MNQZ3
2023-07-12T03:59:00.000000000Z,33,1,34070,15464.000000000,15464.000000000,15464.000000000,15464.000000000,1,MNQZ3
2023-07-12T04:04:00.000000000Z,33,1,34070,15463.750000000,15463.750000000,15463.750000000,15463.750000000,1,MNQZ3
2023-07-12T04:17:00.000000000Z,33,1,34070,15467.500000000,15467.500000000,15467.000000000,15467.000000000,2,MNQZ3
2023-07-12T04:19:00.000000000Z,33,1,34070,15470.000000000,15471.000000000,15470.000000000,15471.000000000,6,MNQZ3
2023-07-12T04:20:00.000000000Z,33,1,34070,15473.000000000,15473.500000000,15473.000000000,15473.500000000,2,MNQZ3
2023-07-12T04:22:00.000000000Z,33,1,34070,15471.500000000,15471.500000000,15471.500000000,15471.500000000,1,MNQZ3
2023-07-12T04:24:00.000000000Z,33,1,34070,15471.500000000,15471.500000000,15471.500000000,15471.500000000,1,MNQZ3
2023-07-12T04:25:00.000000000Z,33,1,34070,15473.500000000,15473.500000000,15473.500000000,15473.500000000,1,MNQZ3
2023-07-12T04:27:00.000000000Z,33,1,34070,15477.000000000,15477.000000000,15477.000000000,15477.000000000,1,MNQZ3
2023-07-12T04:28:00.000000000Z,33,1,34070,15478.500000000,15478.500000000,15478.500000000,15478.500000000,1,MNQZ3
2023-07-12T04:30:00.000000000Z,33,1,34070,15478.750000000,15478.750000000,15478.750000000,15478.750000000,1,MNQZ3
2023-07-12T04:36:00.000000000Z,33,1,34070,15474.000000000,15474.000000000,15474.000000000,15474.000000000,1,MNQZ3
2023-07-12T04:37:00.000000000Z,33,1,34070,15471.250000000,15471.250000000,15471.250000000,15471.250000000,1,MNQZ3
2023-07-12T04:38:00.000000000Z,33,1,34070,15472.250000000,15472.250000000,15472.250000000,15472.250000000,1,MNQZ3
2023-07-12T04:46:00.000000000Z,33,1,34070,15470.750000000,15471.000000000,15470.750000000,15471.000000000,9,MNQZ3
2023-07-12T04:59:00.000000000Z,33,1,34070,15471.250000000,15471.250000000,15471.250000000,15471.250000000,1,MNQZ3
2023-07-12T05:11:00.000000000Z,33,1,34070,15468.750000000,15468.750000000,15468.750000000,15468.750000000,1,MNQZ3
2023-07-12T05:19:00.000000000Z,33,1,34070,15470.000000000,15470.250000000,15470.000000000,15470.250000000,2,MNQZ3
2023-07-12T05:22:00.000000000Z,33,1,34070,15470.250000000,15470.250000000,15470.250000000,15470.250000000,1,MNQZ3
2023-07-12T05:34:00.000000000Z,33,1,34070,15466.500000000,15466.500000000,15466.500000000,15466.500000000,1,MNQZ3
2023-07-12T05:40:00.000000000Z,33,1,34070,15465.000000000,15465.000000000,15465.000000000,15465.000000000,2,MNQZ3
2023-07-12T05:42:00.000000000Z,33,1,34070,15462.000000000,15462.000000000,15459.500000000,15459.500000000,2,MNQZ3
2023-07-12T05:43:00.000000000Z,33,1,34070,15463.250000000,15463.250000000,15463.250000000,15463.250000000,2,MNQZ3
2023-07-12T06:11:00.000000000Z,33,1,34070,15475.750000000,15475.750000000,15475.750000000,15475.750000000,1,MNQZ3
2023-07-12T06:17:00.000000000Z,33,1,34070,15472.250000000,15472.250000000,15471.750000000,15471.750000000,10,MNQZ3
2023-07-12T06:18:00.000000000Z,33,1,34070,15471.000000000,15471.000000000,15471.000000000,15471.000000000,1,MNQZ3
2023-07-12T06:23:00.000000000Z,33,1,34070,15468.250000000,15468.250000000,15468.250000000,15468.250000000,1,MNQZ3
2023-07-12T06:40:00.000000000Z,33,1,34070,15465.500000000,15465.500000000,15465.500000000,15465.500000000,3,MNQZ3
2023-07-12T06:44:00.000000000Z,33,1,34070,15464.000000000,15464.000000000,15464.000000000,15464.000000000,1,MNQZ3
2023-07-12T06:49:00.000000000Z,33,1,34070,15461.000000000,15461.000000000,15461.000000000,15461.000000000,1,MNQZ3
2023-07-12T06:50:00.000000000Z,33,1,34070,15462.250000000,15462.250000000,15462.250000000,15462.250000000,7,MNQZ3
2023-07-12T06:55:00.000000000Z,33,1,34070,15464.250000000,15464.250000000,15464.250000000,15464.250000000,3,MNQZ3
2023-07-12T07:04:00.000000000Z,33,1,34070,15462.000000000,15462.000000000,15462.000000000,15462.000000000,1,MNQZ3
2023-07-12T07:07:00.000000000Z,33,1,34070,15462.250000000,15462.250000000,15461.750000000,15461.750000000,3,MNQZ3
2023-07-12T07:15:00.000000000Z,33,1,34070,15458.000000000,15458.000000000,15458.000000000,15458.000000000,1,MNQZ3
2023-07-12T07:16:00.000000000Z,33,1,34070,15460.750000000,15460.750000000,15460.750000000,15460.750000000,2,MNQZ3
2023-07-12T07:17:00.000000000Z,33,1,34070,15463.500000000,15464.000000000,15463.500000000,15464.000000000,3,MNQZ3
2023-07-12T07:19:00.000000000Z,33,1,34070,15460.500000000,15463.000000000,15460.500000000,15463.000000000,5,MNQZ3
2023-07-12T07:21:00.000000000Z,33,1,34070,15465.500000000,15465.500000000,15465.500000000,15465.500000000,3,MNQZ3
2023-07-12T07:22:00.000000000Z,33,1,34070,15461.500000000,15461.500000000,15461.500000000,15461.500000000,3,MNQZ3
2023-07-12T07:27:00.000000000Z,33,1,34070,15472.250000000,15472.250000000,15472.250000000,15472.250000000,5,MNQZ3
2023-07-12T07:30:00.000000000Z,33,1,34070,15473.750000000,15473.750000000,15473.750000000,15473.750000000,1,MNQZ3
2023-07-12T07:32:00.000000000Z,33,1,34070,15470.000000000,15470.000000000,15470.000000000,15470.000000000,1,MNQZ3
2023-07-12T07:41:00.000000000Z,33,1,34070,15484.000000000,15485.000000000,15483.500000000,15484.000000000,6,MNQZ3
2023-07-12T07:42:00.000000000Z,33,1,34070,15484.000000000,15484.000000000,15483.000000000,15483.000000000,10,MNQZ3
2023-07-12T07:43:00.000000000Z,33,1,34070,15484.250000000,15484.250000000,15483.500000000,15483.500000000,3,MNQZ3
2023-07-12T07:46:00.000000000Z,33,1,34070,15484.000000000,15484.000000000,15484.000000000,15484.000000000,3,MNQZ3
2023-07-12T07:47:00.000000000Z,33,1,34070,15483.500000000,15483.500000000,15483.500000000,15483.500000000,1,MNQZ3
2023-07-12T07:51:00.000000000Z,33,1,34070,15485.250000000,15487.000000000,15485.250000000,15485.750000000,5,MNQZ3
2023-07-12T07:58:00.000000000Z,33,1,34070,15478.250000000,15478.250000000,15476.000000000,15476.000000000,10,MNQZ3
2023-07-12T08:01:00.000000000Z,33,1,34070,15479.000000000,15479.000000000,15479.000000000,15479.000000000,1,MNQZ3
2023-07-12T08:03:00.000000000Z,33,1,34070,15479.250000000,15479.250000000,15479.250000000,15479.250000000,1,MNQZ3
2023-07-12T08:05:00.000000000Z,33,1,34070,15478.000000000,15478.000000000,15478.000000000,15478.000000000,1,MNQZ3
2023-07-12T08:06:00.000000000Z,33,1,34070,15475.500000000,15475.500000000,15475.500000000,15475.500000000,1,MNQZ3
2023-07-12T08:08:00.000000000Z,33,1,34070,15482.000000000,15482.000000000,15482.000000000,15482.000000000,1,MNQZ3
2023-07-12T08:13:00.000000000Z,33,1,34070,15482.250000000,15482.500000000,15480.250000000,15480.250000000,3,MNQZ3
2023-07-12T08:17:00.000000000Z,33,1,34070,15484.250000000,15485.500000000,15484.250000000,15485.500000000,4,MNQZ3
2023-07-12T08:22:00.000000000Z,33,1,34070,15475.000000000,15475.000000000,15475.000000000,15475.000000000,1,MNQZ3
2023-07-12T08:23:00.000000000Z,33,1,34070,15474.000000000,15474.000000000,15474.000000000,15474.000000000,2,MNQZ3
2023-07-12T08:26:00.000000000Z,33,1,34070,15476.500000000,15476.500000000,15476.500000000,15476.500000000,1,MNQZ3
2023-07-12T08:27:00.000000000Z,33,1,34070,15478.500000000,15478.500000000,15478.500000000,15478.500000000,3,MNQZ3
2023-07-12T08:31:00.000000000Z,33,1,34070,15480.500000000,15480.500000000,15480.500000000,15480.500000000,1,MNQZ3
2023-07-12T08:39:00.000000000Z,33,1,34070,15475.500000000,15476.750000000,15475.500000000,15476.750000000,2,MNQZ3
2023-07-12T08:44:00.000000000Z,33,1,34070,15479.000000000,15479.000000000,15479.000000000,15479.000000000,1,MNQZ3
2023-07-12T08:49:00.000000000Z,33,1,34070,15480.500000000,15480.500000000,15480.500000000,15480.500000000,1,MNQZ3
2023-07-12T08:51:00.000000000Z,33,1,34070,15479.000000000,15479.000000000,15479.000000000,15479.000000000,1,MNQZ3
2023-07-12T08:52:00.000000000Z,33,1,34070,15478.750000000,15478.750000000,15478.750000000,15478.750000000,1,MNQZ3
2023-07-12T08:53:00.000000000Z,33,1,34070,15477.250000000,15477.250000000,15477.250000000,15477.250000000,1,MNQZ3
2023-07-12T09:13:00.000000000Z,33,1,34070,15482.750000000,15482.750000000,15482.750000000,15482.750000000,1,MNQZ3
2023-07-12T09:20:00.000000000Z,33,1,34070,15484.250000000,15484.250000000,15484.250000000,15484.250000000,1,MNQZ3
2023-07-12T09:25:00.000000000Z,33,1,34070,15484.000000000,15484.000000000,15484.000000000,15484.000000000,1,MNQZ3
2023-07-12T09:29:00.000000000Z,33,1,34070,15489.750000000,15489.750000000,15489.750000000,15489.750000000,1,MNQZ3
2023-07-12T09:31:00.000000000Z,33,1,34070,15490.500000000,15490.500000000,15490.000000000,15490.000000000,2,MNQZ3
2023-07-12T09:33:00.000000000Z,33,1,34070,15488.250000000,15488.250000000,15488.250000000,15488.250000000,2,MNQZ3
2023-07-12T09:38:00.000000000Z,33,1,34070,15489.250000000,15489.250000000,15489.250000000,15489.250000000,1,MNQZ3
2023-07-12T09:40:00.000000000Z,33,1,34070,15489.000000000,15489.000000000,15489.000000000,15489.000000000,1,MNQZ3
2023-07-12T09:42:00.000000000Z,33,1,34070,15489.250000000,15489.250000000,15489.250000000,15489.250000000,1,MNQZ3
2023-07-12T09:43:00.000000000Z,33,1,34070,15491.000000000,15491.000000000,15491.000000000,15491.000000000,1,MNQZ3
2023-07-12T09:53:00.000000000Z,33,1,34070,15484.750000000,15484.750000000,15484.750000000,15484.750000000,1,MNQZ3
2023-07-12T10:00:00.000000000Z,33,1,34070,15485.250000000,15485.250000000,15485.250000000,15485.250000000,1,MNQZ3
2023-07-12T10:02:00.000000000Z,33,1,34070,15483.750000000,15483.750000000,15483.750000000,15483.750000000,1,MNQZ3
2023-07-12T10:05:00.000000000Z,33,1,34070,15479.750000000,15479.750000000,15479.750000000,15479.750000000,1,MNQZ3
2023-07-12T10:07:00.000000000Z,33,1,34070,15480.000000000,15480.000000000,15479.750000000,15479.750000000,2,MNQZ3
2023-07-12T10:08:00.000000000Z,33,1,34070,15478.500000000,15478.500000000,15478.500000000,15478.500000000,1,MNQZ3
2023-07-12T10:13:00.000000000Z,33,1,34070,15478.500000000,15478.500000000,15478.500000000,15478.500000000,3,MNQZ3
2023-07-12T10:17:00.000000000Z,33,1,34070,15479.750000000,15479.750000000,15479.750000000,15479.750000000,2,MNQZ3
2023-07-12T10:18:00.000000000Z,33,1,34070,15478.500000000,15478.500000000,15478.250000000,15478.250000000,3,MNQZ3
2023-07-12T10:19:00.000000000Z,33,1,34070,15479.000000000,15479.000000000,15479.000000000,15479.000000000,2,MNQZ3
2023-07-12T10:24:00.000000000Z,33,1,34070,15478.000000000,15478.000000000,15478.000000000,15478.000000000,1,MNQZ3
2023-07-12T10:25:00.000000000Z,33,1,34070,15477.500000000,15477.500000000,15477.500000000,15477.500000000,1,MNQZ3
2023-07-12T10:29:00.000000000Z,33,1,34070,15476.000000000,15476.000000000,15476.000000000,15476.000000000,1,MNQZ3
2023-07-12T10:46:00.000000000Z,33,1,34070,15481.500000000,15483.250000000,15481.500000000,15483.250000000,2,MNQZ3
2023-07-12T10:51:00.000000000Z,33,1,34070,15477.750000000,15477.750000000,15477.750000000,15477.750000000,1,MNQZ3
2023-07-12T10:53:00.000000000Z,33,1,34070,15476.500000000,15476.500000000,15476.500000000,15476.500000000,1,MNQZ3
2023-07-12T11:06:00.000000000Z,33,1,34070,15474.750000000,15474.750000000,15474.500000000,15474.500000000,3,MNQZ3
2023-07-12T11:12:00.000000000Z,33,1,34070,15481.750000000,15481.750000000,15481.750000000,15481.750000000,1,MNQZ3
2023-07-12T11:15:00.000000000Z,33,1,34070,15483.500000000,15483.500000000,15483.500000000,15483.500000000,3,MNQZ3
2023-07-12T11:17:00.000000000Z,33,1,34070,15485.000000000,15486.000000000,15485.000000000,15486.000000000,3,MNQZ3
2023-07-12T11:18:00.000000000Z,33,1,34070,15487.000000000,15487.000000000,15487.000000000,15487.000000000,1,MNQZ3
2023-07-12T11:19:00.000000000Z,33,1,34070,15489.000000000,15489.000000000,15488.000000000,15488.000000000,2,MNQZ3
2023-07-12T11:20:00.000000000Z,33,1,34070,15490.000000000,15490.000000000,15490.000000000,15490.000000000,1,MNQZ3
2023-07-12T11:21:00.000000000Z,33,1,34070,15490.750000000,15490.750000000,15490.750000000,15490.750000000,2,MNQZ3
2023-07-12T11:24:00.000000000Z,33,1,34070,15490.000000000,15490.000000000,15490.000000000,15490.000000000,1,MNQZ3
2023-07-12T11:26:00.000000000Z,33,1,34070,15492.750000000,15495.500000000,15492.750000000,15495.500000000,5,MNQZ3
2023-07-12T11:28:00.000000000Z,33,1,34070,15495.500000000,15495.500000000,15495.500000000,15495.500000000,2,MNQZ3
2023-07-12T11:29:00.000000000Z,33,1,34070,15495.000000000,15495.000000000,15495.000000000,15495.000000000,3,MNQZ3
2023-07-12T11:30:00.000000000Z,33,1,34070,15495.000000000,15497.250000000,15495.000000000,15497.000000000,7,MNQZ3
2023-07-12T11:31:00.000000000Z,33,1,34070,15498.000000000,15498.000000000,15498.000000000,15498.000000000,2,MNQZ3
2023-07-12T11:33:00.000000000Z,33,1,34070,15496.250000000,15496.250000000,15496.250000000,15496.250000000,2,MNQZ3
2023-07-12T11:35:00.000000000Z,33,1,34070,15500.000000000,15500.000000000,15499.250000000,15499.250000000,7,MNQZ3
2023-07-12T11:37:00.000000000Z,33,1,34070,15500.750000000,15500.750000000,15500.750000000,15500.750000000,1,MNQZ3
2023-07-12T11:38:00.000000000Z,33,1,34070,15500.000000000,15500.000000000,15500.000000000,15500.000000000,1,MNQZ3
2023-07-12T11:39:00.000000000Z,33,1,34070,15501.750000000,15501.750000000,15501.750000000,15501.750000000,1,MNQZ3
2023-07-12T11:43:00.000000000Z,33,1,34070,15504.250000000,15505.000000000,15504.250000000,15505.000000000,3,MNQZ3
2023-07-12T11:45:00.000000000Z,33,1,34070,15501.750000000,15501.750000000,15501.750000000,15501.750000000,3,MNQZ3
2023-07-12T11:50:00.000000000Z,33,1,34070,15499.000000000,15500.500000000,15498.750000000,15500.500000000,7,MNQZ3
2023-07-12T11:51:00.000000000Z,33,1,34070,15500.000000000,15500.000000000,15500.000000000,15500.000000000,4,MNQZ3
2023-07-12T11:54:00.000000000Z,33,1,34070,15500.000000000,15501.000000000,15500.000000000,15501.000000000,5,MNQZ3
2023-07-12T12:01:00.000000000Z,33,1,34070,15501.500000000,15501.500000000,15501.500000000,15501.500000000,1,MNQZ3
2023-07-12T12:02:00.000000000Z,33,1,34070,15498.000000000,15498.500000000,15497.750000000,15498.250000000,5,MNQZ3
2023-07-12T12:05:00.000000000Z,33,1,34070,15498.250000000,15498.250000000,15498.250000000,15498.250000000,1,MNQZ3
2023-07-12T12:07:00.000000000Z,33,1,34070,15501.000000000,15501.000000000,15501.000000000,15501.000000000,1,MNQZ3
2023-07-12T12:08:00.000000000Z,33,1,34070,15502.000000000,15503.500000000,15502.000000000,15503.500000000,5,MNQZ3
2023-07-12T12:10:00.000000000Z,33,1,34070,15507.000000000,15507.750000000,15507.000000000,15507.750000000,2,MNQZ3
2023-07-12T12:12:00.000000000Z,33,1,34070,15502.000000000,15502.000000000,15500.000000000,15500.000000000,5,MNQZ3
2023-07-12T12:14:00.000000000Z,33,1,34070,15507.500000000,15507.500000000,15507.500000000,15507.500000000,1,MNQZ3
2023-07-12T12:16:00.000000000Z,33,1,34070,15502.750000000,15502.750000000,15502.750000000,15502.750000000,2,MNQZ3
2023-07-12T12:17:00.000000000Z,33,1,34070,15504.250000000,15504.250000000,15502.000000000,15502.000000000,3,MNQZ3
2023-07-12T12:18:00.000000000Z,33,1,34070,15503.000000000,15503.000000000,15503.000000000,15503.000000000,2,MNQZ3
2023-07-12T12:20:00.000000000Z,33,1,34070,15498.250000000,15498.250000000,15498.000000000,15498.000000000,2,MNQZ3
2023-07-12T12:22:00.000000000Z,33,1,34070,15499.250000000,15499.250000000,15499.250000000,15499.250000000,1,MNQZ3
2023-07-12T12:24:00.000000000Z,33,1,34070,15495.500000000,15495.500000000,15495.500000000,15495.500000000,3,MNQZ3
2023-07-12T12:25:00.000000000Z,33,1,34070,15496.500000000,15496.500000000,15496.000000000,15496.250000000,7,MNQZ3
2023-07-12T12:26:00.000000000Z,33,1,34070,15500.500000000,15501.000000000,15495.250000000,15495.250000000,11,MNQZ3
2023-07-12T12:27:00.000000000Z,33,1,34070,15501.500000000,15501.500000000,15496.000000000,15496.000000000,6,MNQZ3
2023-07-12T12:28:00.000000000Z,33,1,34070,15495.000000000,15495.000000000,15487.250000000,15487.250000000,2,MNQZ3
2023-07-12T12:30:00.000000000Z,33,1,34070,15505.000000000,15579.750000000,15505.000000000,15574.250000000,45,MNQZ3
2023-07-12T12:31:00.000000000Z,33,1,34070,15568.750000000,15604.750000000,15568.750000000,15597.500000000,86,MNQZ3
2023-07-12T12:32:00.000000000Z,33,1,34070,15591.000000000,15602.250000000,15574.750000000,15595.500000000,41,MNQZ3
2023-07-12T12:33:00.000000000Z,33,1,34070,15595.500000000,15595.500000000,15575.000000000,15577.000000000,15,MNQZ3
2023-07-12T12:34:00.000000000Z,33,1,34070,15578.000000000,15592.000000000,15573.000000000,15576.000000000,15,MNQZ3
2023-07-12T12:35:00.000000000Z,33,1,34070,15585.000000000,15586.250000000,15582.000000000,15586.250000000,7,MNQZ3
2023-07-12T12:36:00.000000000Z,33,1,34070,15590.000000000,15603.000000000,15590.000000000,15603.000000000,14,MNQZ3
2023-07-12T12:37:00.000000000Z,33,1,34070,15603.000000000,15608.000000000,15595.750000000,15597.500000000,15,MNQZ3
2023-07-12T12:38:00.000000000Z,33,1,34070,15599.250000000,15610.500000000,15599.250000000,15610.500000000,14,MNQZ3
2023-07-12T12:39:00.000000000Z,33,1,34070,15610.250000000,15610.250000000,15597.250000000,15597.250000000,7,MNQZ3
2023-07-12T12:40:00.000000000Z,33,1,34070,15599.500000000,15599.500000000,15595.000000000,15595.250000000,8,MNQZ3
2023-07-12T12:41:00.000000000Z,33,1,34070,15590.250000000,15590.250000000,15588.250000000,15588.500000000,4,MNQZ3
2023-07-12T12:42:00.000000000Z,33,1,34070,15590.250000000,15598.250000000,15587.500000000,15598.250000000,7,MNQZ3
2023-07-12T12:43:00.000000000Z,33,1,34070,15600.000000000,15602.250000000,15592.250000000,15592.250000000,7,MNQZ3
2023-07-12T12:44:00.000000000Z,33,1,34070,15587.000000000,15587.000000000,15586.750000000,15586.750000000,3,MNQZ3
2023-07-12T12:45:00.000000000Z,33,1,34070,15592.000000000,15595.500000000,15587.500000000,15590.000000000,12,MNQZ3
2023-07-12T12:46:00.000000000Z,33,1,34070,15591.500000000,15591.500000000,15583.250000000,15583.250000000,7,MNQZ3
2023-07-12T12:47:00.000000000Z,33,1,34070,15587.500000000,15587.500000000,15587.500000000,15587.500000000,2,MNQZ3
2023-07-12T12:48:00.000000000Z,33,1,34070,15589.250000000,15589.250000000,15588.500000000,15589.250000000,13,MNQZ3
2023-07-12T12:49:00.000000000Z,33,1,34070,15586.500000000,15586.500000000,15586.500000000,15586.500000000,1,MNQZ3
2023-07-12T12:50:00.000000000Z,33,1,34070,15586.500000000,15586.500000000,15586.500000000,15586.500000000,1,MNQZ3
2023-07-12T12:51:00.000000000Z,33,1,34070,15589.250000000,15589.250000000,15588.500000000,15588.500000000,3,MNQZ3
2023-07-12T12:52:00.000000000Z,33,1,34070,15583.250000000,15583.250000000,15583.250000000,15583.250000000,2,MNQZ3
2023-07-12T12:53:00.000000000Z,33,1,34070,15580.000000000,15580.750000000,15573.000000000,15573.000000000,11,MNQZ3
2023-07-12T12:54:00.000000000Z,33,1,34070,15570.000000000,15570.500000000,15568.750000000,15568.750000000,6,MNQZ3
2023-07-12T12:55:00.000000000Z,33,1,34070,15574.000000000,15580.250000000,15574.000000000,15580.250000000,6,MNQZ3
2023-07-12T12:56:00.000000000Z,33,1,34070,15580.250000000,15580.250000000,15580.250000000,15580.250000000,1,MNQZ3
2023-07-12T12:57:00.000000000Z,33,1,34070,15583.000000000,15591.000000000,15583.000000000,15591.000000000,2,MNQZ3
2023-07-12T12:58:00.000000000Z,33,1,34070,15590.500000000,15591.750000000,15587.250000000,15590.000000000,14,MNQZ3
2023-07-12T12:59:00.000000000Z,33,1,34070,15590.000000000,15590.750000000,15590.000000000,15590.750000000,2,MNQZ3
2023-07-12T13:00:00.000000000Z,33,1,34070,15591.500000000,15591.500000000,15590.250000000,15590.250000000,5,MNQZ3
2023-07-12T13:01:00.000000000Z,33,1,34070,15589.500000000,15597.000000000,15589.500000000,15597.000000000,3,MNQZ3
2023-07-12T13:02:00.000000000Z,33,1,34070,15598.750000000,15600.000000000,15596.500000000,15599.750000000,11,MNQZ3
2023-07-12T13:03:00.000000000Z,33,1,34070,15601.250000000,15601.250000000,15597.500000000,15597.500000000,8,MNQZ3
2023-07-12T13:04:00.000000000Z,33,1,34070,15598.750000000,15603.250000000,15598.750000000,15603.250000000,4,MNQZ3
2023-07-12T13:05:00.000000000Z,33,1,34070,15603.750000000,15606.250000000,15603.750000000,15606.250000000,4,MNQZ3
2023-07-12T13:06:00.000000000Z,33,1,34070,15604.000000000,15606.250000000,15600.500000000,15600.500000000,9,MNQZ3
2023-07-12T13:08:00.000000000Z,33,1,34070,15597.500000000,15597.500000000,15596.750000000,15596.750000000,5,MNQZ3
2023-07-12T13:09:00.000000000Z,33,1,34070,15596.750000000,15600.000000000,15596.750000000,15600.000000000,6,MNQZ3
2023-07-12T13:10:00.000000000Z,33,1,34070,15593.500000000,15593.500000000,15593.500000000,15593.500000000,2,MNQZ3
2023-07-12T13:12:00.000000000Z,33,1,34070,15601.750000000,15601.750000000,15600.250000000,15600.250000000,2,MNQZ3
2023-07-12T13:13:00.000000000Z,33,1,34070,15602.250000000,15605.250000000,15602.250000000,15605.250000000,5,MNQZ3
2023-07-12T13:14:00.000000000Z,33,1,34070,15608.250000000,15617.250000000,15608.250000000,15617.250000000,15,MNQZ3
2023-07-12T13:15:00.000000000Z,33,1,34070,15614.000000000,15614.000000000,15611.750000000,15612.250000000,8,MNQZ3
2023-07-12T13:16:00.000000000Z,33,1,34070,15612.250000000,15623.250000000,15610.500000000,15623.250000000,20,MNQZ3
2023-07-12T13:17:00.000000000Z,33,1,34070,15613.250000000,15617.000000000,15613.250000000,15616.000000000,6,MNQZ3
2023-07-12T13:19:00.000000000Z,33,1,34070,15613.500000000,15616.250000000,15613.500000000,15616.250000000,6,MNQZ3
2023-07-12T13:20:00.000000000Z,33,1,34070,15618.750000000,15618.750000000,15611.000000000,15611.000000000,8,MNQZ3
2023-07-12T13:21:00.000000000Z,33,1,34070,15609.250000000,15609.250000000,15609.250000000,15609.250000000,3,MNQZ3
2023-07-12T13:22:00.000000000Z,33,1,34070,15604.000000000,15604.000000000,15604.000000000,15604.000000000,1,MNQZ3
2023-07-12T13:28:00.000000000Z,33,1,34070,15610.000000000,15616.250000000,15610.000000000,15615.000000000,6,MNQZ3
2023-07-12T13:29:00.000000000Z,33,1,34070,15615.500000000,15615.500000000,15615.500000000,15615.500000000,1,MNQZ3
2023-07-12T13:30:00.000000000Z,33,1,34070,15625.000000000,15625.000000000,15609.250000000,15616.750000000,21,MNQZ3
2023-07-12T13:31:00.000000000Z,33,1,34070,15616.750000000,15630.000000000,15612.250000000,15612.250000000,41,MNQZ3
2023-07-12T13:32:00.000000000Z,33,1,34070,15616.250000000,15621.250000000,15605.000000000,15613.250000000,20,MNQZ3
2023-07-12T13:33:00.000000000Z,33,1,34070,15622.000000000,15625.250000000,15622.000000000,15624.750000000,10,MNQZ3
2023-07-12T13:34:00.000000000Z,33,1,34070,15626.000000000,15626.000000000,15617.000000000,15620.750000000,30,MNQZ3
2023-07-12T13:35:00.000000000Z,33,1,34070,15626.250000000,15633.000000000,15620.500000000,15628.500000000,12,MNQZ3
2023-07-12T13:36:00.000000000Z,33,1,34070,15622.500000000,15622.500000000,15610.000000000,15610.000000000,15,MNQZ3
2023-07-12T13:37:00.000000000Z,33,1,34070,15612.250000000,15618.250000000,15606.750000000,15618.250000000,11,MNQZ3
2023-07-12T13:38:00.000000000Z,33,1,34070,15620.250000000,15620.250000000,15616.250000000,15616.250000000,2,MNQZ3
2023-07-12T13:39:00.000000000Z,33,1,34070,15622.750000000,15625.000000000,15608.250000000,15610.250000000,8,MNQZ3
2023-07-12T13:40:00.000000000Z,33,1,34070,15603.500000000,15612.500000000,15600.000000000,15611.750000000,11,MNQZ3
2023-07-12T13:41:00.000000000Z,33,1,34070,15611.500000000,15611.500000000,15601.000000000,15601.000000000,4,MNQZ3
2023-07-12T13:42:00.000000000Z,33,1,34070,15608.500000000,15608.500000000,15608.000000000,15608.000000000,2,MNQZ3
2023-07-12T13:43:00.000000000Z,33,1,34070,15614.500000000,15620.000000000,15614.250000000,15620.000000000,6,MNQZ3
2023-07-12T13:44:00.000000000Z,33,1,34070,15617.250000000,15623.250000000,15617.250000000,15619.250000000,7,MNQZ3
2023-07-12T13:45:00.000000000Z,33,1,34070,15615.500000000,15625.250000000,15615.500000000,15625.250000000,9,MNQZ3
2023-07-12T13:46:00.000000000Z,33,1,34070,15625.250000000,15633.000000000,15625.250000000,15632.250000000,7,MNQZ3
2023-07-12T13:47:00.000000000Z,33,1,34070,15630.000000000,15635.500000000,15630.000000000,15630.000000000,7,MNQZ3
2023-07-12T13:48:00.000000000Z,33,1,34070,15631.250000000,15645.000000000,15631.250000000,15645.000000000,31,MNQZ3
2023-07-12T13:49:00.000000000Z,33,1,34070,15648.500000000,15650.000000000,15639.000000000,15639.000000000,28,MNQZ3
2023-07-12T13:50:00.000000000Z,33,1,34070,15641.250000000,15646.250000000,15641.250000000,15642.250000000,7,MNQZ3
2023-07-12T13:51:00.000000000Z,33,1,34070,15646.500000000,15646.500000000,15636.250000000,15640.500000000,7,MNQZ3
2023-07-12T13:52:00.000000000Z,33,1,34070,15630.250000000,15630.250000000,15621.250000000,15630.000000000,8,MNQZ3
2023-07-12T13:53:00.000000000Z,33,1,34070,15643.250000000,15643.250000000,15643.250000000,15643.250000000,1,MNQZ3
2023-07-12T13:54:00.000000000Z,33,1,34070,15644.500000000,15652.500000000,15644.500000000,15651.500000000,12,MNQZ3
2023-07-12T13:55:00.000000000Z,33,1,34070,15642.750000000,15642.750000000,15642.750000000,15642.750000000,1,MNQZ3
2023-07-12T13:56:00.000000000Z,33,1,34070,15643.000000000,15652.000000000,15643.000000000,15652.000000000,8,MNQZ3
2023-07-12T13:57:00.000000000Z,33,1,34070,15655.250000000,15655.250000000,15655.250000000,15655.250000000,1,MNQZ3
2023-07-12T13:58:00.000000000Z,33,1,34070,15655.250000000,15657.500000000,15654.500000000,15654.500000000,10,MNQZ3
2023-07-12T13:59:00.000000000Z,33,1,34070,15654.750000000,15655.250000000,15651.000000000,15653.500000000,4,MNQZ3
2023-07-12T14:00:00.000000000Z,33,1,34070,15646.000000000,15648.500000000,15641.750000000,15641.750000000,7,MNQZ3
2023-07-12T14:01:00.000000000Z,33,1,34070,15648.000000000,15658.250000000,15648.000000000,15651.000000000,11,MNQZ3
2023-07-12T14:02:00.000000000Z,33,1,34070,15655.000000000,15657.500000000,15649.250000000,15649.750000000,8,MNQZ3
2023-07-12T14:03:00.000000000Z,33,1,34070,15650.250000000,15650.250000000,15650.250000000,15650.250000000,1,MNQZ3
2023-07-12T14:04:00.000000000Z,33,1,34070,15645.000000000,15654.250000000,15645.000000000,15654.000000000,6,MNQZ3
2023-07-12T14:05:00.000000000Z,33,1,34070,15649.000000000,15649.000000000,15649.000000000,15649.000000000,1,MNQZ3
2023-07-12T14:06:00.000000000Z,33,1,34070,15649.000000000,15656.250000000,15649.000000000,15656.250000000,6,MNQZ3
2023-07-12T14:07:00.000000000Z,33,1,34070,15657.500000000,15657.500000000,15650.000000000,15651.750000000,7,MNQZ3
2023-07-12T14:08:00.000000000Z,33,1,34070,15657.500000000,15660.250000000,15655.000000000,15658.000000000,15,MNQZ3
2023-07-12T14:09:00.000000000Z,33,1,34070,15663.000000000,15677.000000000,15663.000000000,15677.000000000,52,MNQZ3
2023-07-12T14:10:00.000000000Z,33,1,34070,15674.500000000,15678.000000000,15670.750000000,15675.750000000,38,MNQZ3
2023-07-12T14:11:00.000000000Z,33,1,34070,15675.500000000,15675.500000000,15673.750000000,15675.250000000,9,MNQZ3
2023-07-12T14:12:00.000000000Z,33,1,34070,15672.250000000,15675.500000000,15671.250000000,15673.500000000,8,MNQZ3
2023-07-12T14:13:00.000000000Z,33,1,34070,15670.500000000,15670.500000000,15665.000000000,15665.000000000,6,MNQZ3
2023-07-12T14:14:00.000000000Z,33,1,34070,15665.250000000,15677.250000000,15665.250000000,15677.250000000,4,MNQZ3
2023-07-12T14:15:00.000000000Z,33,1,34070,15674.250000000,15680.000000000,15674.250000000,15679.750000000,12,MNQZ3
2023-07-12T14:16:00.000000000Z,33,1,34070,15682.000000000,15682.000000000,15680.000000000,15681.000000000,12,MNQZ3
2023-07-12T14:17:00.000000000Z,33,1,34070,15674.500000000,15680.000000000,15674.500000000,15679.750000000,6,MNQZ3
2023-07-12T14:18:00.000000000Z,33,1,34070,15683.500000000,15685.500000000,15681.750000000,15685.500000000,10,MNQZ3
2023-07-12T14:19:00.000000000Z,33,1,34070,15686.000000000,15692.500000000,15684.000000000,15692.500000000,10,MNQZ3
2023-07-12T14:20:00.000000000Z,33,1,34070,15693.250000000,15699.000000000,15692.000000000,15697.500000000,25,MNQZ3
2023-07-12T14:21:00.000000000Z,33,1,34070,15697.000000000,15697.000000000,15693.500000000,15695.750000000,13,MNQZ3
2023-07-12T14:23:00.000000000Z,33,1,34070,15694.500000000,15694.500000000,15687.500000000,15691.000000000,11,MNQZ3
2023-07-12T14:24:00.000000000Z,33,1,34070,15693.000000000,15696.750000000,15686.750000000,15686.750000000,15,MNQZ3
2023-07-12T14:25:00.000000000Z,33,1,34070,15685.250000000,15685.250000000,15674.000000000,15674.000000000,11,MNQZ3
2023-07-12T14:26:00.000000000Z,33,1,34070,15674.000000000,15676.000000000,15674.000000000,15676.000000000,3,MNQZ3
2023-07-12T14:27:00.000000000Z,33,1,34070,15683.250000000,15683.250000000,15678.000000000,15678.000000000,4,MNQZ3
2023-07-12T14:28:00.000000000Z,33,1,34070,15682.750000000,15682.750000000,15682.750000000,15682.750000000,1,MNQZ3
2023-07-12T14:29:00.000000000Z,33,1,34070,15677.000000000,15680.000000000,15677.000000000,15680.000000000,4,MNQZ3
2023-07-12T14:30:00.000000000Z,33,1,34070,15682.750000000,15688.000000000,15677.750000000,15688.000000000,14,MNQZ3
2023-07-12T14:32:00.000000000Z,33,1,34070,15678.000000000,15678.000000000,15670.000000000,15670.000000000,5,MNQZ3
2023-07-12T14:33:00.000000000Z,33,1,34070,15671.250000000,15671.250000000,15671.250000000,15671.250000000,12,MNQZ3
2023-07-12T14:35:00.000000000Z,33,1,34070,15666.000000000,15666.000000000,15662.000000000,15662.000000000,2,MNQZ3
2023-07-12T14:36:00.000000000Z,33,1,34070,15672.250000000,15672.250000000,15672.250000000,15672.250000000,1,MNQZ3
2023-07-12T14:37:00.000000000Z,33,1,34070,15676.500000000,15676.500000000,15676.500000000,15676.500000000,1,MNQZ3
2023-07-12T14:38:00.000000000Z,33,1,34070,15674.000000000,15674.000000000,15674.000000000,15674.000000000,1,MNQZ3
2023-07-12T14:39:00.000000000Z,33,1,34070,15680.000000000,15680.000000000,15680.000000000,15680.000000000,2,MNQZ3
2023-07-12T14:40:00.000000000Z,33,1,34070,15683.750000000,15690.000000000,15683.750000000,15686.250000000,21,MNQZ3
2023-07-12T14:41:00.000000000Z,33,1,34070,15688.000000000,15690.250000000,15688.000000000,15690.250000000,4,MNQZ3
2023-07-12T14:42:00.000000000Z,33,1,34070,15692.750000000,15692.750000000,15684.000000000,15684.000000000,15,MNQZ3
2023-07-12T14:43:00.000000000Z,33,1,34070,15687.250000000,15687.250000000,15684.000000000,15685.750000000,7,MNQZ3
2023-07-12T14:44:00.000000000Z,33,1,34070,15683.750000000,15683.750000000,15683.750000000,15683.750000000,2,MNQZ3
2023-07-12T14:47:00.000000000Z,33,1,34070,15685.000000000,15685.500000000,15682.750000000,15682.750000000,3,MNQZ3
2023-07-12T14:48:00.000000000Z,33,1,34070,15683.750000000,15686.000000000,15683.750000000,15686.000000000,2,MNQZ3
2023-07-12T14:52:00.000000000Z,33,1,34070,15689.000000000,15689.000000000,15689.000000000,15689.000000000,4,MNQZ3
2023-07-12T14:53:00.000000000Z,33,1,34070,15675.750000000,15675.750000000,15671.000000000,15671.000000000,3,MNQZ3
2023-07-12T14:54:00.000000000Z,33,1,34070,15660.000000000,15663.000000000,15660.000000000,15661.250000000,49,MNQZ3
2023-07-12T14:55:00.000000000Z,33,1,34070,15655.750000000,15655.750000000,15652.000000000,15652.000000000,3,MNQZ3
2023-07-12T14:56:00.000000000Z,33,1,34070,15663.250000000,15663.250000000,15659.500000000,15659.500000000,7,MNQZ3
2023-07-12T14:57:00.000000000Z,33,1,34070,15650.000000000,15650.000000000,15644.000000000,15644.000000000,16,MNQZ3
2023-07-12T14:58:00.000000000Z,33,1,34070,15645.250000000,15648.750000000,15643.500000000,15644.750000000,13,MNQZ3
2023-07-12T14:59:00.000000000Z,33,1,34070,15642.000000000,15642.000000000,15642.000000000,15642.000000000,1,MNQZ3
2023-07-12T15:00:00.000000000Z,33,1,34070,15653.750000000,15653.750000000,15653.750000000,15653.750000000,1,MNQZ3
2023-07-12T15:01:00.000000000Z,33,1,34070,15650.750000000,15652.000000000,15650.000000000,15652.000000000,4,MNQZ3
2023-07-12T15:02:00.000000000Z,33,1,34070,15645.500000000,15645.500000000,15645.500000000,15645.500000000,1,MNQZ3
2023-07-12T15:03:00.000000000Z,33,1,34070,15645.500000000,15645.500000000,15645.500000000,15645.500000000,2,MNQZ3
2023-07-12T15:05:00.000000000Z,33,1,34070,15644.000000000,15644.000000000,15635.750000000,15637.500000000,3,MNQZ3
2023-07-12T15:06:00.000000000Z,33,1,34070,15634.000000000,15638.250000000,15634.000000000,15635.250000000,21,MNQZ3
2023-07-12T15:07:00.000000000Z,33,1,34070,15636.500000000,15641.500000000,15636.500000000,15641.500000000,2,MNQZ3
2023-07-12T15:09:00.000000000Z,33,1,34070,15639.250000000,15640.000000000,15638.000000000,15640.000000000,4,MNQZ3
2023-07-12T15:11:00.000000000Z,33,1,34070,15643.500000000,15650.000000000,15643.500000000,15650.000000000,2,MNQZ3
2023-07-12T15:12:00.000000000Z,33,1,34070,15650.000000000,15650.500000000,15650.000000000,15650.500000000,4,MNQZ3
2023-07-12T15:13:00.000000000Z,33,1,34070,15650.500000000,15650.500000000,15648.000000000,15648.000000000,3,MNQZ3
2023-07-12T15:14:00.000000000Z,33,1,34070,15648.750000000,15648.750000000,15648.750000000,15648.750000000,2,MNQZ3
2023-07-12T15:15:00.000000000Z,33,1,34070,15651.000000000,15655.250000000,15651.000000000,15655.250000000,6,MNQZ3
2023-07-12T15:16:00.000000000Z,33,1,34070,15655.250000000,15659.500000000,15655.250000000,15659.500000000,3,MNQZ3
2023-07-12T15:17:00.000000000Z,33,1,34070,15661.750000000,15662.750000000,15660.500000000,15662.750000000,4,MNQZ3
2023-07-12T15:18:00.000000000Z,33,1,34070,15662.500000000,15662.500000000,15662.500000000,15662.500000000,1,MNQZ3
2023-07-12T15:19:00.000000000Z,33,1,34070,15665.250000000,15666.000000000,15665.250000000,15666.000000000,4,MNQZ3
2023-07-12T15:20:00.000000000Z,33,1,34070,15661.250000000,15662.750000000,15661.250000000,15662.750000000,6,MNQZ3
2023-07-12T15:21:00.000000000Z,33,1,34070,15660.750000000,15660.750000000,15653.750000000,15653.750000000,12,MNQZ3
2023-07-12T15:22:00.000000000Z,33,1,34070,15658.250000000,15658.250000000,15658.250000000,15658.250000000,1,MNQZ3
2023-07-12T15:23:00.000000000Z,33,1,34070,15661.750000000,15661.750000000,15661.750000000,15661.750000000,1,MNQZ3
2023-07-12T15:24:00.000000000Z,33,1,34070,15656.000000000,15656.000000000,15656.000000000,15656.000000000,1,MNQZ3
2023-07-12T15:25:00.000000000Z,33,1,34070,15652.000000000,15652.000000000,15649.750000000,15649.750000000,4,MNQZ3
2023-07-12T15:26:00.000000000Z,33,1,34070,15649.000000000,15649.000000000,15649.000000000,15649.000000000,2,MNQZ3
2023-07-12T15:27:00.000000000Z,33,1,34070,15646.750000000,15646.750000000,15640.000000000,15640.000000000,4,MNQZ3
2023-07-12T15:28:00.000000000Z,33,1,34070,15648.250000000,15648.250000000,15640.250000000,15641.500000000,5,MNQZ3
2023-07-12T15:29:00.000000000Z,33,1,34070,15638.000000000,15638.250000000,15638.000000000,15638.250000000,4,MNQZ3
2023-07-12T15:30:00.000000000Z,33,1,34070,15640.000000000,15640.000000000,15638.250000000,15638.250000000,5,MNQZ3
2023-07-12T15:31:00.000000000Z,33,1,34070,15643.000000000,15643.000000000,15643.000000000,15643.000000000,2,MNQZ3
2023-07-12T15:34:00.000000000Z,33,1,34070,15637.250000000,15637.250000000,15625.250000000,15626.250000000,41,MNQZ3
2023-07-12T15:35:00.000000000Z,33,1,34070,15625.000000000,15626.750000000,15620.250000000,15626.750000000,13,MNQZ3
2023-07-12T15:36:00.000000000Z,33,1,34070,15631.000000000,15631.000000000,15626.000000000,15629.000000000,11,MNQZ3
2023-07-12T15:38:00.000000000Z,33,1,34070,15620.000000000,15620.000000000,15605.250000000,15612.500000000,19,MNQZ3
2023-07-12T15:39:00.000000000Z,33,1,34070,15614.250000000,15614.250000000,15591.500000000,15598.500000000,26,MNQZ3
2023-07-12T15:40:00.000000000Z,33,1,34070,15585.000000000,15585.750000000,15565.000000000,15575.000000000,32,MNQZ3
2023-07-12T15:41:00.000000000Z,33,1,34070,15571.000000000,15579.750000000,15559.500000000,15566.250000000,14,MNQZ3
2023-07-12T15:42:00.000000000Z,33,1,34070,15569.500000000,15575.000000000,15569.500000000,15575.000000000,3,MNQZ3
2023-07-12T15:43:00.000000000Z,33,1,34070,15572.000000000,15578.250000000,15572.000000000,15578.250000000,7,MNQZ3
2023-07-12T15:44:00.000000000Z,33,1,34070,15577.500000000,15579.500000000,15566.250000000,15566.250000000,11,MNQZ3
2023-07-12T15:45:00.000000000Z,33,1,34070,15560.000000000,15560.000000000,15549.750000000,15558.750000000,22,MNQZ3
2023-07-12T15:46:00.000000000Z,33,1,34070,15562.000000000,15574.000000000,15562.000000000,15573.000000000,7,MNQZ3
2023-07-12T15:47:00.000000000Z,33,1,34070,15574.250000000,15576.000000000,15574.250000000,15575.250000000,5,MNQZ3
2023-07-12T15:48:00.000000000Z,33,1,34070,15576.250000000,15584.750000000,15576.250000000,15584.750000000,9,MNQZ3
2023-07-12T15:49:00.000000000Z,33,1,34070,15585.500000000,15585.500000000,15579.750000000,15579.750000000,3,MNQZ3
2023-07-12T15:50:00.000000000Z,33,1,34070,15575.500000000,15575.500000000,15575.500000000,15575.500000000,3,MNQZ3
2023-07-12T15:51:00.000000000Z,33,1,34070,15571.750000000,15571.750000000,15571.750000000,15571.750000000,1,MNQZ3
2023-07-12T15:52:00.000000000Z,33,1,34070,15553.750000000,15553.750000000,15550.000000000,15550.000000000,4,MNQZ3
2023-07-12T15:53:00.000000000Z,33,1,34070,15546.250000000,15557.250000000,15537.500000000,15554.250000000,20,MNQZ3
2023-07-12T15:54:00.000000000Z,33,1,34070,15559.500000000,15565.000000000,15556.250000000,15565.000000000,19,MNQZ3
2023-07-12T15:55:00.000000000Z,33,1,34070,15562.000000000,15562.000000000,15560.750000000,15560.750000000,3,MNQZ3
2023-07-12T15:56:00.000000000Z,33,1,34070,15556.250000000,15556.250000000,15538.750000000,15538.750000000,28,MNQZ3
2023-07-12T15:57:00.000000000Z,33,1,34070,15539.250000000,15549.000000000,15539.250000000,15548.500000000,6,MNQZ3
2023-07-12T15:58:00.000000000Z,33,1,34070,15551.000000000,15558.000000000,15551.000000000,15556.250000000,9,MNQZ3
2023-07-12T16:00:00.000000000Z,33,1,34070,15553.750000000,15553.750000000,15553.750000000,15553.750000000,1,MNQZ3
2023-07-12T16:01:00.000000000Z,33,1,34070,15565.000000000,15568.500000000,15565.000000000,15568.250000000,11,MNQZ3
2023-07-12T16:02:00.000000000Z,33,1,34070,15566.000000000,15566.000000000,15555.000000000,15555.000000000,18,MNQZ3
2023-07-12T16:03:00.000000000Z,33,1,34070,15554.000000000,15554.000000000,15540.000000000,15541.750000000,16,MNQZ3
2023-07-12T16:04:00.000000000Z,33,1,34070,15548.250000000,15553.500000000,15547.750000000,15553.500000000,10,MNQZ3
2023-07-12T16:05:00.000000000Z,33,1,34070,15551.750000000,15556.250000000,15547.500000000,15547.500000000,3,MNQZ3
2023-07-12T16:06:00.000000000Z,33,1,34070,15559.500000000,15559.750000000,15555.500000000,15556.000000000,5,MNQZ3
2023-07-12T16:07:00.000000000Z,33,1,34070,15556.000000000,15562.000000000,15556.000000000,15561.250000000,12,MNQZ3
2023-07-12T16:08:00.000000000Z,33,1,34070,15558.750000000,15559.750000000,15558.750000000,15559.750000000,8,MNQZ3
2023-07-12T16:09:00.000000000Z,33,1,34070,15560.500000000,15560.500000000,15560.500000000,15560.500000000,3,MNQZ3
2023-07-12T16:10:00.000000000Z,33,1,34070,15559.500000000,15562.250000000,15559.500000000,15562.250000000,4,MNQZ3
2023-07-12T16:11:00.000000000Z,33,1,34070,15569.000000000,15575.250000000,15567.750000000,15575.250000000,11,MNQZ3
2023-07-12T16:12:00.000000000Z,33,1,34070,15578.000000000,15580.500000000,15578.000000000,15580.500000000,6,MNQZ3
2023-07-12T16:13:00.000000000Z,33,1,34070,15581.000000000,15581.000000000,15576.500000000,15576.500000000,5,MNQZ3
2023-07-12T16:14:00.000000000Z,33,1,34070,15569.750000000,15569.750000000,15569.750000000,15569.750000000,1,MNQZ3
2023-07-12T16:15:00.000000000Z,33,1,34070,15574.250000000,15574.250000000,15566.000000000,15566.000000000,2,MNQZ3
2023-07-12T16:16:00.000000000Z,33,1,34070,15565.000000000,15565.000000000,15563.250000000,15563.250000000,2,MNQZ3
2023-07-12T16:17:00.000000000Z,33,1,34070,15564.750000000,15574.250000000,15564.750000000,15564.750000000,19,MNQZ3
2023-07-12T16:18:00.000000000Z,33,1,34070,15564.000000000,15571.500000000,15564.000000000,15569.250000000,7,MNQZ3
2023-07-12T16:19:00.000000000Z,33,1,34070,15566.500000000,15567.750000000,15566.250000000,15566.250000000,3,MNQZ3
2023-07-12T16:20:00.000000000Z,33,1,34070,15566.250000000,15566.250000000,15566.250000000,15566.250000000,3,MNQZ3
2023-07-12T16:21:00.000000000Z,33,1,34070,15574.500000000,15574.500000000,15571.250000000,15571.250000000,10,MNQZ3
2023-07-12T16:22:00.000000000Z,33,1,34070,15571.250000000,15571.250000000,15571.250000000,15571.250000000,2,MNQZ3
2023-07-12T16:23:00.000000000Z,33,1,34070,15575.000000000,15579.000000000,15575.000000000,15579.000000000,3,MNQZ3
2023-07-12T16:24:00.000000000Z,33,1,34070,15576.500000000,15576.500000000,15574.750000000,15574.750000000,2,MNQZ3
2023-07-12T16:26:00.000000000Z,33,1,34070,15573.250000000,15573.250000000,15565.000000000,15566.750000000,17,MNQZ3
2023-07-12T16:27:00.000000000Z,33,1,34070,15567.500000000,15567.500000000,15567.500000000,15567.500000000,1,MNQZ3
2023-07-12T16:28:00.000000000Z,33,1,34070,15578.500000000,15580.250000000,15576.750000000,15580.250000000,4,MNQZ3
2023-07-12T16:29:00.000000000Z,33,1,34070,15579.500000000,15579.750000000,15579.500000000,15579.500000000,10,MNQZ3
2023-07-12T16:30:00.000000000Z,33,1,34070,15580.250000000,15580.250000000,15580.250000000,15580.250000000,1,MNQZ3
2023-07-12T16:31:00.000000000Z,33,1,34070,15582.250000000,15582.250000000,15582.250000000,15582.250000000,1,MNQZ3
2023-07-12T16:32:00.000000000Z,33,1,34070,15582.000000000,15582.500000000,15582.000000000,15582.500000000,11,MNQZ3
2023-07-12T16:33:00.000000000Z,33,1,34070,15590.000000000,15593.000000000,15590.000000000,15593.000000000,4,MNQZ3
2023-07-12T16:34:00.000000000Z,33,1,34070,15595.000000000,15596.000000000,15595.000000000,15596.000000000,2,MNQZ3
2023-07-12T16:35:00.000000000Z,33,1,34070,15590.500000000,15590.500000000,15590.500000000,15590.500000000,2,MNQZ3
2023-07-12T16:36:00.000000000Z,33,1,34070,15591.250000000,15591.250000000,15587.250000000,15587.250000000,3,MNQZ3
2023-07-12T16:37:00.000000000Z,33,1,34070,15592.500000000,15604.250000000,15592.500000000,15602.500000000,17,MNQZ3
2023-07-12T16:38:00.000000000Z,33,1,34070,15603.000000000,15605.000000000,15600.750000000,15605.000000000,11,MNQZ3
2023-07-12T16:39:00.000000000Z,33,1,34070,15607.000000000,15607.000000000,15603.000000000,15603.000000000,4,MNQZ3
2023-07-12T16:40:00.000000000Z,33,1,34070,15603.500000000,15603.500000000,15603.500000000,15603.500000000,3,MNQZ3
2023-07-12T16:41:00.000000000Z,33,1,34070,15602.750000000,15605.500000000,15602.750000000,15605.500000000,2,MNQZ3
2023-07-12T16:42:00.000000000Z,33,1,34070,15600.000000000,15600.000000000,15597.750000000,15597.750000000,2,MNQZ3
2023-07-12T16:44:00.000000000Z,33,1,34070,15593.250000000,15593.250000000,15587.000000000,15590.000000000,32,MNQZ3
2023-07-12T16:46:00.000000000Z,33,1,34070,15600.000000000,15600.000000000,15600.000000000,15600.000000000,1,MNQZ3
2023-07-12T16:47:00.000000000Z,33,1,34070,15601.500000000,15605.000000000,15601.000000000,15605.000000000,5,MNQZ3
2023-07-12T16:48:00.000000000Z,33,1,34070,15608.750000000,15608.750000000,15608.000000000,15608.000000000,4,MNQZ3
2023-07-12T16:49:00.000000000Z,33,1,34070,15618.000000000,15620.500000000,15618.000000000,15620.500000000,14,MNQZ3
2023-07-12T16:50:00.000000000Z,33,1,34070,15618.500000000,15618.500000000,15612.750000000,15612.750000000,4,MNQZ3
2023-07-12T16:51:00.000000000Z,33,1,34070,15611.500000000,15611.500000000,15611.500000000,15611.500000000,1,MNQZ3
2023-07-12T16:52:00.000000000Z,33,1,34070,15616.500000000,15616.500000000,15616.500000000,15616.500000000,2,MNQZ3
2023-07-12T16:53:00.000000000Z,33,1,34070,15615.000000000,15615.000000000,15615.000000000,15615.000000000,1,MNQZ3
2023-07-12T16:54:00.000000000Z,33,1,34070,15607.500000000,15607.500000000,15607.500000000,15607.500000000,1,MNQZ3
2023-07-12T16:55:00.000000000Z,33,1,34070,15613.250000000,15613.250000000,15611.250000000,15611.750000000,3,MNQZ3
2023-07-12T16:56:00.000000000Z,33,1,34070,15608.250000000,15608.250000000,15608.250000000,15608.250000000,6,MNQZ3
2023-07-12T16:57:00.000000000Z,33,1,34070,15611.250000000,15611.250000000,15605.000000000,15605.000000000,4,MNQZ3
2023-07-12T16:58:00.000000000Z,33,1,34070,15604.000000000,15604.000000000,15604.000000000,15604.000000000,6,MNQZ3
2023-07-12T16:59:00.000000000Z,33,1,34070,15604.000000000,15604.000000000,15604.000000000,15604.000000000,1,MNQZ3
2023-07-12T17:00:00.000000000Z,33,1,34070,15600.750000000,15600.750000000,15600.750000000,15600.750000000,2,MNQZ3
2023-07-12T17:02:00.000000000Z,33,1,34070,15610.250000000,15610.250000000,15610.250000000,15610.250000000,1,MNQZ3
2023-07-12T17:04:00.000000000Z,33,1,34070,15609.500000000,15609.500000000,15609.500000000,15609.500000000,2,MNQZ3
2023-07-12T17:06:00.000000000Z,33,1,34070,15605.750000000,15605.750000000,15605.750000000,15605.750000000,6,MNQZ3
2023-07-12T17:07:00.000000000Z,33,1,34070,15605.750000000,15605.750000000,15605.750000000,15605.750000000,1,MNQZ3
2023-07-12T17:09:00.000000000Z,33,1,34070,15600.250000000,15602.250000000,15600.250000000,15602.250000000,9,MNQZ3
2023-07-12T17:10:00.000000000Z,33,1,34070,15595.000000000,15596.500000000,15593.500000000,15595.750000000,5,MNQZ3
2023-07-12T17:11:00.000000000Z,33,1,34070,15595.750000000,15601.500000000,15595.750000000,15601.500000000,5,MNQZ3
2023-07-12T17:12:00.000000000Z,33,1,34070,15607.750000000,15608.000000000,15607.750000000,15608.000000000,4,MNQZ3
2023-07-12T17:13:00.000000000Z,33,1,34070,15605.500000000,15605.500000000,15605.500000000,15605.500000000,1,MNQZ3
2023-07-12T17:14:00.000000000Z,33,1,34070,15609.000000000,15609.000000000,15609.000000000,15609.000000000,1,MNQZ3
2023-07-12T17:15:00.000000000Z,33,1,34070,15618.500000000,15618.500000000,15618.500000000,15618.500000000,1,MNQZ3
2023-07-12T17:16:00.000000000Z,33,1,34070,15621.250000000,15621.250000000,15621.250000000,15621.250000000,1,MNQZ3
2023-07-12T17:19:00.000000000Z,33,1,34070,15618.500000000,15618.500000000,15618.500000000,15618.500000000,1,MNQZ3
2023-07-12T17:20:00.000000000Z,33,1,34070,15620.000000000,15620.000000000,15620.000000000,15620.000000000,1,MNQZ3
2023-07-12T17:21:00.000000000Z,33,1,34070,15620.000000000,15620.000000000,15620.000000000,15620.000000000,3,MNQZ3
2023-07-12T17:23:00.000000000Z,33,1,34070,15622.750000000,15622.750000000,15622.750000000,15622.750000000,1,MNQZ3
2023-07-12T17:24:00.000000000Z,33,1,34070,15628.500000000,15628.500000000,15621.750000000,15621.750000000,2,MNQZ3
2023-07-12T17:25:00.000000000Z,33,1,34070,15621.750000000,15621.750000000,15621.750000000,15621.750000000,1,MNQZ3
2023-07-12T17:26:00.000000000Z,33,1,34070,15626.000000000,15626.000000000,15626.000000000,15626.000000000,1,MNQZ3
2023-07-12T17:29:00.000000000Z,33,1,34070,15630.000000000,15630.000000000,15630.000000000,15630.000000000,1,MNQZ3
2023-07-12T17:30:00.000000000Z,33,1,34070,15631.500000000,15640.000000000,15631.500000000,15640.000000000,6,MNQZ3
2023-07-12T17:31:00.000000000Z,33,1,34070,15639.750000000,15639.750000000,15636.000000000,15636.000000000,2,MNQZ3
2023-07-12T17:35:00.000000000Z,33,1,34070,15645.000000000,15645.000000000,15645.000000000,15645.000000000,3,MNQZ3
2023-07-12T17:38:00.000000000Z,33,1,34070,15645.000000000,15645.000000000,15645.000000000,15645.000000000,1,MNQZ3
2023-07-12T17:39:00.000000000Z,33,1,34070,15645.500000000,15645.500000000,15645.500000000,15645.500000000,1,MNQZ3
2023-07-12T17:40:00.000000000Z,33,1,34070,15644.750000000,15650.000000000,15644.750000000,15650.000000000,8,MNQZ3
2023-07-12T17:42:00.000000000Z,33,1,34070,15646.000000000,15646.250000000,15646.000000000,15646.250000000,2,MNQZ3
2023-07-12T17:43:00.000000000Z,33,1,34070,15645.000000000,15645.000000000,15645.000000000,15645.000000000,5,MNQZ3
2023-07-12T17:44:00.000000000Z,33,1,34070,15647.250000000,15647.250000000,15647.250000000,15647.250000000,2,MNQZ3
2023-07-12T17:45:00.000000000Z,33,1,34070,15648.500000000,15650.500000000,15648.500000000,15650.500000000,2,MNQZ3
2023-07-12T17:46:00.000000000Z,33,1,34070,15648.000000000,15648.000000000,15643.250000000,15643.250000000,4,MNQZ3
2023-07-12T17:47:00.000000000Z,33,1,34070,15638.000000000,15638.750000000,15637.500000000,15638.750000000,6,MNQZ3
2023-07-12T17:49:00.000000000Z,33,1,34070,15642.000000000,15645.000000000,15642.000000000,15645.000000000,2,MNQZ3
2023-07-12T17:50:00.000000000Z,33,1,34070,15644.250000000,15648.000000000,15644.250000000,15648.000000000,5,MNQZ3
2023-07-12T17:52:00.000000000Z,33,1,34070,15648.000000000,15648.000000000,15644.500000000,15644.500000000,3,MNQZ3
2023-07-12T17:53:00.000000000Z,33,1,34070,15648.500000000,15648.500000000,15648.500000000,15648.500000000,3,MNQZ3
2023-07-12T17:54:00.000000000Z,33,1,34070,15650.000000000,15651.250000000,15646.000000000,15646.000000000,3,MNQZ3
2023-07-12T17:55:00.000000000Z,33,1,34070,15645.750000000,15647.250000000,15644.500000000,15647.250000000,3,MNQZ3
2023-07-12T17:58:00.000000000Z,33,1,34070,15642.250000000,15642.250000000,15642.250000000,15642.250000000,1,MNQZ3
2023-07-12T17:59:00.000000000Z,33,1,34070,15644.000000000,15644.000000000,15644.000000000,15644.000000000,4,MNQZ3
2023-07-12T18:00:00.000000000Z,33,1,34070,15639.000000000,15639.000000000,15639.000000000,15639.000000000,3,MNQZ3
2023-07-12T18:01:00.000000000Z,33,1,34070,15635.000000000,15635.000000000,15632.000000000,15632.000000000,5,MNQZ3
2023-07-12T18:02:00.000000000Z,33,1,34070,15634.500000000,15634.500000000,15634.500000000,15634.500000000,1,MNQZ3
2023-07-12T18:03:00.000000000Z,33,1,34070,15639.750000000,15639.750000000,15639.750000000,15639.750000000,4,MNQZ3
2023-07-12T18:05:00.000000000Z,33,1,34070,15642.250000000,15642.250000000,15642.250000000,15642.250000000,3,MNQZ3
2023-07-12T18:07:00.000000000Z,33,1,34070,15645.000000000,15645.000000000,15645.000000000,15645.000000000,3,MNQZ3
2023-07-12T18:08:00.000000000Z,33,1,34070,15648.000000000,15651.500000000,15648.000000000,15649.500000000,6,MNQZ3
2023-07-12T18:09:00.000000000Z,33,1,34070,15648.500000000,15650.000000000,15648.500000000,15649.500000000,3,MNQZ3
2023-07-12T18:10:00.000000000Z,33,1,34070,15645.250000000,15645.250000000,15645.250000000,15645.250000000,1,MNQZ3
2023-07-12T18:11:00.000000000Z,33,1,34070,15653.000000000,15659.500000000,15653.000000000,15655.500000000,3,MNQZ3
2023-07-12T18:15:00.000000000Z,33,1,34070,15660.000000000,15660.000000000,15660.000000000,15660.000000000,2,MNQZ3
2023-07-12T18:16:00.000000000Z,33,1,34070,15657.250000000,15657.250000000,15655.500000000,15655.500000000,6,MNQZ3
2023-07-12T18:17:00.000000000Z,33,1,34070,15660.500000000,15661.500000000,15660.500000000,15661.500000000,2,MNQZ3
2023-07-12T18:19:00.000000000Z,33,1,34070,15654.500000000,15654.500000000,15654.500000000,15654.500000000,2,MNQZ3
2023-07-12T18:20:00.000000000Z,33,1,34070,15651.000000000,15651.000000000,15651.000000000,15651.000000000,1,MNQZ3
2023-07-12T18:21:00.000000000Z,33,1,34070,15656.250000000,15656.250000000,15656.250000000,15656.250000000,1,MNQZ3
2023-07-12T18:22:00.000000000Z,33,1,34070,15660.250000000,15660.250000000,15660.250000000,15660.250000000,2,MNQZ3
2023-07-12T18:28:00.000000000Z,33,1,34070,15662.500000000,15662.500000000,15662.500000000,15662.500000000,3,MNQZ3
2023-07-12T18:29:00.000000000Z,33,1,34070,15663.250000000,15663.250000000,15663.250000000,15663.250000000,1,MNQZ3
2023-07-12T18:32:00.000000000Z,33,1,34070,15660.000000000,15660.000000000,15660.000000000,15660.000000000,1,MNQZ3
2023-07-12T18:40:00.000000000Z,33,1,34070,15654.750000000,15654.750000000,15648.500000000,15648.500000000,5,MNQZ3
2023-07-12T18:41:00.000000000Z,33,1,34070,15649.750000000,15653.750000000,15649.750000000,15653.750000000,7,MNQZ3
2023-07-12T18:42:00.000000000Z,33,1,34070,15653.250000000,15653.250000000,15652.250000000,15652.250000000,4,MNQZ3
2023-07-12T18:43:00.000000000Z,33,1,34070,15652.250000000,15652.250000000,15652.250000000,15652.250000000,1,MNQZ3
2023-07-12T18:45:00.000000000Z,33,1,34070,15653.000000000,15654.750000000,15653.000000000,15654.750000000,2,MNQZ3
2023-07-12T18:46:00.000000000Z,33,1,34070,15649.250000000,15651.000000000,15648.000000000,15651.000000000,8,MNQZ3
2023-07-12T18:47:00.000000000Z,33,1,34070,15645.000000000,15649.000000000,15642.250000000,15648.500000000,5,MNQZ3
2023-07-12T18:48:00.000000000Z,33,1,34070,15646.000000000,15646.500000000,15639.750000000,15642.250000000,8,MNQZ3
2023-07-12T18:49:00.000000000Z,33,1,34070,15637.000000000,15637.000000000,15637.000000000,15637.000000000,1,MNQZ3
2023-07-12T18:50:00.000000000Z,33,1,34070,15637.750000000,15637.750000000,15637.000000000,15637.000000000,2,MNQZ3
2023-07-12T18:51:00.000000000Z,33,1,34070,15637.500000000,15637.500000000,15637.500000000,15637.500000000,1,MNQZ3
2023-07-12T18:52:00.000000000Z,33,1,34070,15634.000000000,15636.000000000,15634.000000000,15636.000000000,2,MNQZ3
2023-07-12T18:54:00.000000000Z,33,1,34070,15642.500000000,15642.500000000,15642.500000000,15642.500000000,1,MNQZ3
2023-07-12T18:55:00.000000000Z,33,1,34070,15643.250000000,15644.250000000,15643.250000000,15644.250000000,4,MNQZ3
2023-07-12T18:56:00.000000000Z,33,1,34070,15644.500000000,15644.500000000,15644.500000000,15644.500000000,1,MNQZ3
2023-07-12T19:00:00.000000000Z,33,1,34070,15640.750000000,15647.750000000,15640.750000000,15647.750000000,7,MNQZ3
2023-07-12T19:01:00.000000000Z,33,1,34070,15641.000000000,15641.000000000,15641.000000000,15641.000000000,10,MNQZ3
2023-07-12T19:02:00.000000000Z,33,1,34070,15635.250000000,15636.750000000,15635.250000000,15636.750000000,2,MNQZ3
2023-07-12T19:07:00.000000000Z,33,1,34070,15645.000000000,15648.500000000,15645.000000000,15648.500000000,3,MNQZ3
2023-07-12T19:12:00.000000000Z,33,1,34070,15651.500000000,15651.500000000,15651.500000000,15651.500000000,1,MNQZ3
2023-07-12T19:15:00.000000000Z,33,1,34070,15658.000000000,15661.000000000,15658.000000000,15661.000000000,11,MNQZ3
2023-07-12T19:16:00.000000000Z,33,1,34070,15657.000000000,15657.000000000,15657.000000000,15657.000000000,1,MNQZ3
2023-07-12T19:17:00.000000000Z,33,1,34070,15655.000000000,15655.000000000,15648.000000000,15648.000000000,7,MNQZ3
2023-07-12T19:18:00.000000000Z,33,1,34070,15653.000000000,15653.000000000,15653.000000000,15653.000000000,1,MNQZ3
2023-07-12T19:19:00.000000000Z,33,1,34070,15654.000000000,15654.000000000,15649.750000000,15649.750000000,2,MNQZ3
2023-07-12T19:20:00.000000000Z,33,1,34070,15645.000000000,15645.000000000,15643.250000000,15643.250000000,9,MNQZ3
2023-07-12T19:21:00.000000000Z,33,1,34070,15641.000000000,15641.000000000,15641.000000000,15641.000000000,5,MNQZ3
2023-07-12T19:22:00.000000000Z,33,1,34070,15633.000000000,15633.000000000,15631.250000000,15631.250000000,2,MNQZ3
2023-07-12T19:23:00.000000000Z,33,1,34070,15622.750000000,15628.250000000,15620.000000000,15628.250000000,9,MNQZ3
2023-07-12T19:25:00.000000000Z,33,1,34070,15620.000000000,15620.000000000,15611.250000000,15611.250000000,6,MNQZ3
2023-07-12T19:27:00.000000000Z,33,1,34070,15626.250000000,15627.000000000,15626.250000000,15627.000000000,4,MNQZ3
2023-07-12T19:28:00.000000000Z,33,1,34070,15625.000000000,15625.000000000,15625.000000000,15625.000000000,1,MNQZ3
2023-07-12T19:29:00.000000000Z,33,1,34070,15628.500000000,15629.750000000,15628.500000000,15629.750000000,2,MNQZ3
2023-07-12T19:32:00.000000000Z,33,1,34070,15636.750000000,15642.000000000,15636.750000000,15642.000000000,5,MNQZ3
2023-07-12T19:33:00.000000000Z,33,1,34070,15641.750000000,15641.750000000,15641.750000000,15641.750000000,2,MNQZ3
2023-07-12T19:34:00.000000000Z,33,1,34070,15645.000000000,15645.000000000,15645.000000000,15645.000000000,2,MNQZ3
2023-07-12T19:35:00.000000000Z,33,1,34070,15648.000000000,15650.500000000,15648.000000000,15650.500000000,4,MNQZ3
2023-07-12T19:37:00.000000000Z,33,1,34070,15652.250000000,15652.250000000,15645.000000000,15645.000000000,9,MNQZ3
2023-07-12T19:42:00.000000000Z,33,1,34070,15651.750000000,15651.750000000,15651.750000000,15651.750000000,1,MNQZ3
2023-07-12T19:45:00.000000000Z,33,1,34070,15642.500000000,15642.500000000,15642.500000000,15642.500000000,1,MNQZ3
2023-07-12T19:48:00.000000000Z,33,1,34070,15651.500000000,15651.500000000,15651.500000000,15651.500000000,3,MNQZ3
2023-07-12T19:50:00.000000000Z,33,1,34070,15639.250000000,15639.250000000,15639.250000000,15639.250000000,1,MNQZ3
2023-07-12T19:51:00.000000000Z,33,1,34070,15640.000000000,15640.000000000,15640.000000000,15640.000000000,1,MNQZ3
2023-07-12T19:52:00.000000000Z,33,1,34070,15638.000000000,15638.000000000,15638.000000000,15638.000000000,3,MNQZ3
2023-07-12T19:55:00.000000000Z,33,1,34070,15633.000000000,15633.000000000,15633.000000000,15633.000000000,2,MNQZ3
2023-07-12T19:56:00.000000000Z,33,1,34070,15635.000000000,15635.000000000,15635.000000000,15635.000000000,1,MNQZ3
2023-07-12T20:00:00.000000000Z,33,1,34070,15645.750000000,15645.750000000,15645.750000000,15645.750000000,1,MNQZ3
2023-07-12T20:01:00.000000000Z,33,1,34070,15652.000000000,15652.000000000,15652.000000000,15652.000000000,3,MNQZ3
2023-07-12T20:02:00.000000000Z,33,1,34070,15647.000000000,15647.000000000,15646.500000000,15646.500000000,2,MNQZ3
2023-07-12T20:05:00.000000000Z,33,1,34070,15651.750000000,15651.750000000,15651.750000000,15651.750000000,1,MNQZ3
2023-07-12T20:07:00.000000000Z,33,1,34070,15652.000000000,15652.000000000,15652.000000000,15652.000000000,1,MNQZ3
2023-07-12T20:08:00.000000000Z,33,1,34070,15652.250000000,15652.250000000,15650.000000000,15650.000000000,2,MNQZ3
2023-07-12T20:13:00.000000000Z,33,1,34070,15647.750000000,15647.750000000,15647.750000000,15647.750000000,1,MNQZ3
2023-07-12T20:16:00.000000000Z,33,1,34070,15651.000000000,15651.000000000,15651.000000000,15651.000000000,3,MNQZ3
2023-07-12T20:19:00.000000000Z,33,1,34070,15651.000000000,15651.250000000,15651.000000000,15651.250000000,5,MNQZ3
2023-07-12T20:22:00.000000000Z,33,1,34070,15653.250000000,15653.250000000,15653.250000000,15653.250000000,1,MNQZ3
2023-07-12T20:26:00.000000000Z,33,1,34070,15652.250000000,15652.250000000,15652.250000000,15652.250000000,1,MNQZ3
2023-07-12T20:30:00.000000000Z,33,1,34070,15649.250000000,15649.250000000,15649.250000000,15649.250000000,2,MNQZ3
2023-07-12T20:39:00.000000000Z,33,1,34070,15651.500000000,15651.500000000,15651.500000000,15651.500000000,1,MNQZ3
2023-07-12T20:41:00.000000000Z,33,1,34070,15650.750000000,15650.750000000,15650.750000000,15650.750000000,1,MNQZ3
2023-07-12T20:47:00.000000000Z,33,1,34070,15649.750000000,15649.750000000,15649.000000000,15649.000000000,2,MNQZ3
2023-07-12T20:58:00.000000000Z,33,1,34070,15650.000000000,15650.250000000,15649.750000000,15649.750000000,8,MNQZ3
2023-07-12T20:59:00.000000000Z,33,1,34070,15649.250000000,15649.500000000,15649.250000000,15649.500000000,2,MNQZ3
2023-07-12T22:02:00.000000000Z,33,1,34070,15651.000000000,15651.000000000,15651.000000000,15651.000000000,1,MNQZ3
2023-07-12T22:05:00.000000000Z,33,1,34070,15655.250000000,15655.250000000,15655.000000000,15655.000000000,5,MNQZ3
2023-07-12T22:07:00.000000000Z,33,1,34070,15658.500000000,15658.500000000,15658.500000000,15658.500000000,1,MNQZ3
2023-07-12T22:15:00.000000000Z,33,1,34070,15659.000000000,15659.000000000,15659.000000000,15659.000000000,3,MNQZ3
2023-07-12T22:18:00.000000000Z,33,1,34070,15658.750000000,15658.750000000,15658.750000000,15658.750000000,1,MNQZ3
2023-07-12T22:22:00.000000000Z,33,1,34070,15664.000000000,15664.000000000,15664.000000000,15664.000000000,3,MNQZ3
2023-07-12T22:24:00.000000000Z,33,1,34070,15664.750000000,15664.750000000,15664.750000000,15664.750000000,1,MNQZ3
2023-07-12T22:25:00.000000000Z,33,1,34070,15664.750000000,15664.750000000,15664.750000000,15664.750000000,2,MNQZ3
2023-07-12T22:27:00.000000000Z,33,1,34070,15666.500000000,15666.500000000,15666.500000000,15666.500000000,2,MNQZ3
2023-07-12T22:28:00.000000000Z,33,1,34070,15666.000000000,15666.000000000,15666.000000000,15666.000000000,3,MNQZ3
2023-07-12T22:32:00.000000000Z,33,1,34070,15666.000000000,15666.750000000,15666.000000000,15666.750000000,2,MNQZ3
2023-07-12T22:33:00.000000000Z,33,1,34070,15666.000000000,15666.000000000,15663.000000000,15663.000000000,7,MNQZ3
2023-07-12T22:35:00.000000000Z,33,1,34070,15664.750000000,15665.750000000,15664.750000000,15665.750000000,5,MNQZ3
2023-07-12T22:39:00.000000000Z,33,1,34070,15666.750000000,15666.750000000,15666.750000000,15666.750000000,2,MNQZ3
2023-07-12T22:41:00.000000000Z,33,1,34070,15669.250000000,15672.000000000,15669.250000000,15672.000000000,11,MNQZ3
2023-07-12T22:42:00.000000000Z,33,1,34070,15675.250000000,15675.250000000,15675.250000000,15675.250000000,1,MNQZ3
2023-07-12T22:46:00.000000000Z,33,1,34070,15670.000000000,15670.000000000,15670.000000000,15670.000000000,1,MNQZ3
2023-07-12T22:48:00.000000000Z,33,1,34070,15669.750000000,15669.750000000,15669.750000000,15669.750000000,3,MNQZ3
2023-07-12T22:50:00.000000000Z,33,1,34070,15666.000000000,15666.000000000,15664.000000000,15664.000000000,7,MNQZ3
2023-07-12T22:51:00.000000000Z,33,1,34070,15663.250000000,15663.250000000,15663.250000000,15663.250000000,2,MNQZ3
2023-07-12T22:53:00.000000000Z,33,1,34070,15660.750000000,15660.750000000,15660.000000000,15660.000000000,5,MNQZ3
2023-07-12T23:01:00.000000000Z,33,1,34070,15660.750000000,15660.750000000,15660.750000000,15660.750000000,1,MNQZ3
2023-07-12T23:03:00.000000000Z,33,1,34070,15662.500000000,15662.500000000,15662.500000000,15662.500000000,1,MNQZ3
2023-07-12T23:04:00.000000000Z,33,1,34070,15660.000000000,15660.000000000,15660.000000000,15660.000000000,1,MNQZ3
2023-07-12T23:06:00.000000000Z,33,1,34070,15660.000000000,15660.000000000,15657.500000000,15657.500000000,6,MNQZ3
2023-07-12T23:07:00.000000000Z,33,1,34070,15657.500000000,15657.500000000,15657.500000000,15657.500000000,1,MNQZ3
2023-07-12T23:17:00.000000000Z,33,1,34070,15657.000000000,15657.000000000,15656.500000000,15656.500000000,4,MNQZ3
2023-07-12T23:25:00.000000000Z,33,1,34070,15659.750000000,15659.750000000,15659.750000000,15659.750000000,1,MNQZ3
2023-07-12T23:26:00.000000000Z,33,1,34070,15659.750000000,15659.750000000,15655.500000000,15655.500000000,11,MNQZ3
2023-07-12T23:27:00.000000000Z,33,1,34070,15656.000000000,15656.000000000,15656.000000000,15656.000000000,1,MNQZ3
2023-07-12T23:34:00.000000000Z,33,1,34070,15656.500000000,15656.500000000,15656.500000000,15656.500000000,1,MNQZ3
2023-07-12T23:38:00.000000000Z,33,1,34070,15657.500000000,15657.500000000,15657.500000000,15657.500000000,1,MNQZ3
2023-07-12T23:42:00.000000000Z,33,1,34070,15660.500000000,15660.500000000,15660.500000000,15660.500000000,1,MNQZ3
2023-07-12T23:44:00.000000000Z,33,1,34070,15666.500000000,15667.000000000,15666.500000000,15667.000000000,4,MNQZ3
2023-07-12T23:45:00.000000000Z,33,1,34070,15661.000000000,15661.000000000,15661.000000000,15661.000000000,1,MNQZ3
2023-07-12T23:50:00.000000000Z,33,1,34070,15661.000000000,15661.000000000,15661.000000000,15661.000000000,1,MNQZ3
